shape_id,shape_pt_lat,shape_pt_lon,shape_pt_sequence,shape_dist_traveled
1,46.951812,17.894916,1,
1,46.93316,17.9746,2,
1,46.92458,18.01112,3,
1,46.91789,18.03228,4,
1,46.91529,18.0382,5,
1,46.91256,18.04282,6,
1,46.91113,18.04419,7,
1,46.90987,18.04511,8,
1,46.90898,18.04578,9,
1,46.908834,18.04617,10,
2,46.908834,18.04617,1,
2,46.909,18.04584,2,
2,46.9093,18.0456,3,
2,46.90996,18.0451,4,
2,46.91116,18.04425,5,
2,46.91259,18.04288,6,
2,46.91562,18.03848,7,
2,46.91822,18.03255,8,
2,46.92486,18.0115,9,
2,46.93344,17.97428,10,
2,46.951812,17.894916,11,
3,46.70622,17.381575,1,
3,46.70869,17.38184,2,
3,46.70934,17.38192,3,
3,46.70965,17.382,4,
3,46.70996,17.38225,5,
3,46.71027,17.38273,6,
3,46.71042,17.38286,7,
3,46.71059,17.38281,8,
3,46.71098,17.38248,9,
3,46.71499,17.37975,10,
3,46.7185,17.37732,11,
3,46.7292,17.37005,12,
3,46.750171,17.355737,13,
3,46.750171,17.355737,14,
3,46.75002,17.35572,15,
3,46.74997,17.35587,16,
3,46.75007,17.3562,17,
3,46.75024,17.35658,18,
3,46.75042,17.35738,19,
3,46.7508,17.35903,20,
3,46.75153,17.36227,21,
3,46.75301,17.36881,22,
3,46.75502,17.37411,23,
3,46.75707,17.37934,24,
3,46.76579,17.40183,25,
3,46.77427,17.4236,26,
3,46.7785,17.4345,27,
3,46.78067,17.44009,28,
3,46.78161,17.44256,29,
3,46.78223,17.44421,30,
3,46.78247,17.44479,31,
3,46.78298,17.44513,32,
3,46.78351,17.44503,33,
3,46.783757,17.444634,34,
3,46.783757,17.444634,35,
3,46.78287,17.4464,36,
3,46.78239,17.45222,37,
3,46.78169,17.46054,38,
3,46.78049,17.47676,39,
3,46.77951,17.48775,40,
3,46.78057,17.50225,41,
3,46.78477,17.50976,42,
3,46.78589,17.51028,43,
3,46.78646,17.51055,44,
3,46.78688,17.51018,45,
3,46.787073,17.509071,46,
4,46.70622,17.381575,1,
4,46.70869,17.38184,2,
4,46.70934,17.38192,3,
4,46.70965,17.382,4,
4,46.70996,17.38225,5,
4,46.71027,17.38273,6,
4,46.71042,17.38286,7,
4,46.71059,17.38281,8,
4,46.71098,17.38248,9,
4,46.71499,17.37975,10,
4,46.7185,17.37732,11,
4,46.7292,17.37005,12,
4,46.750171,17.355737,13,
5,46.75034,17.55527,1,
5,46.75327,17.55293,2,
5,46.75568,17.55044,3,
5,46.76095,17.54499,4,
5,46.76589,17.53894,5,
5,46.77085,17.53251,6,
5,46.7752,17.52718,7,
5,46.77917,17.52118,8,
5,46.78305,17.5153,9,
5,46.78578,17.51148,10,
5,46.786713,17.509414,11,
6,46.792705,17.690994,1,
6,46.7929,17.69062,2,
6,46.79323,17.69033,3,
6,46.79353,17.68952,4,
6,46.79373,17.68817,5,
6,46.79358,17.68561,6,
6,46.7924,17.67831,7,
6,46.78986,17.66712,8,
6,46.78683,17.65189,9,
6,46.78319,17.64506,10,
6,46.78272,17.64471,11,
6,46.78228,17.64514,12,
6,46.78222,17.64636,13,
6,46.78192,17.64678,14,
6,46.781077,17.647968,15,
6,46.781077,17.647968,16,
6,46.78215,17.64639,17,
6,46.78248,17.64387,18,
6,46.7828,17.63984,19,
6,46.78292,17.63023,20,
6,46.78327,17.61255,21,
6,46.7843,17.57877,22,
6,46.786846,17.509511,23,
7,46.780882,17.648183,1,
7,46.78231,17.64615,2,
7,46.78243,17.6449,3,
7,46.78296,17.6444,4,
7,46.78428,17.64438,5,
7,46.7916,17.64168,6,
7,46.80382,17.63713,7,
7,46.825206,17.62916,8,
8,46.825206,17.62916,1,
8,46.81876,17.62238,2,
8,46.81474,17.59199,3,
8,46.81095,17.57891,4,
8,46.80886,17.57324,5,
8,46.806604,17.571684,6,
8,46.806604,17.571684,7,
8,46.80595,17.5723,8,
8,46.80557,17.57328,9,
8,46.80566,17.57453,10,
8,46.80578,17.5759,11,
8,46.81101,17.5932,12,
8,46.818,17.62285,13,
8,46.825206,17.62916,14,
9,46.786713,17.509414,1,
9,46.78429,17.51201,2,
9,46.79393,17.54007,3,
9,46.802491,17.569238,4,
9,46.802491,17.569238,5,
9,46.79329,17.5397,6,
9,46.7878,17.5247,7,
9,46.78471,17.51236,8,
9,46.786713,17.509414,9,
10,46.825206,17.62916,1,
10,46.80306,17.63727,2,
10,46.78719,17.64311,3,
10,46.78424,17.64427,4,
10,46.78294,17.64437,5,
10,46.78243,17.6449,6,
10,46.78231,17.64627,7,
10,46.780882,17.648183,8,
11,46.90962,18.04558,1,
11,46.90955,18.04531,2,
11,46.91113,18.04423,3,
11,46.91228,18.04313,4,
11,46.91292,18.04221,5,
11,46.91905,18.03483,6,
11,46.938488,18.044439,7,
11,46.938488,18.044439,8,
11,46.91723,18.03924,9,
11,46.91255,18.04287,10,
11,46.91113,18.04425,11,
11,46.90954,18.04525,12,
11,46.90962,18.04558,13,
12,46.90962,18.04558,1,
12,46.90955,18.04531,2,
12,46.91113,18.04423,3,
12,46.91228,18.04313,4,
12,46.91292,18.04221,5,
12,46.91905,18.03483,6,
12,46.938488,18.044439,7,
12,46.938488,18.044439,8,
12,46.91723,18.03924,9,
12,46.91255,18.04287,10,
12,46.91113,18.04425,11,
12,46.90954,18.04525,12,
12,46.90962,18.04558,13,
13,46.90962,18.04558,1,
13,46.90934,18.04525,2,
13,46.91115,18.04428,3,
13,46.91254,18.04294,4,
13,46.91494,18.03822,5,
13,46.91746,18.03204,6,
13,46.92408,18.01101,7,
13,46.92959,17.98251,8,
13,46.93426,17.94802,9,
13,46.93543,17.92768,10,
13,46.93531,17.91918,11,
13,46.93508,17.91498,12,
13,46.933794,17.912339,13,
13,46.933794,17.912339,14,
13,46.93232,17.91395,15,
13,46.93185,17.9179,16,
13,46.93144,17.92777,17,
13,46.9298,17.94768,18,
13,46.92628,17.98127,19,
13,46.92189,18.01024,20,
13,46.91728,18.03101,21,
13,46.91246,18.04294,22,
13,46.9111,18.0443,23,
13,46.90943,18.04528,24,
13,46.90962,18.04558,25,
14,46.855878,17.880478,1,
14,46.85624,17.88065,2,
14,46.8572,17.88007,3,
14,46.85763,17.88013,4,
14,46.85832,17.88029,5,
14,46.85948,17.87997,6,
14,46.88894,17.87031,7,
14,46.88894,17.87031,8,
14,46.88859,17.87003,9,
14,46.88814,17.87012,10,
14,46.88676,17.87057,11,
14,46.88188,17.87201,12,
14,46.87258,17.875,13,
14,46.86413,17.87776,14,
14,46.85837,17.88015,15,
14,46.85722,17.88005,16,
14,46.85619,17.88063,17,
14,46.855878,17.880478,18,
15,46.855878,17.880478,1,
15,46.85624,17.88065,2,
15,46.8572,17.88007,3,
15,46.85763,17.88013,4,
15,46.85832,17.88029,5,
15,46.85948,17.87997,6,
15,46.88894,17.87031,7,
15,46.88894,17.87031,8,
15,46.88859,17.87003,9,
15,46.88814,17.87012,10,
15,46.88676,17.87057,11,
15,46.88188,17.87201,12,
15,46.87258,17.875,13,
15,46.86413,17.87776,14,
15,46.85837,17.88015,15,
15,46.85722,17.88005,16,
15,46.85619,17.88063,17,
15,46.855878,17.880478,18,
16,46.81467,17.767513,1,
16,46.81496,17.76781,2,
16,46.81539,17.7677,3,
16,46.81575,17.76676,4,
16,46.81774,17.76594,5,
16,46.82174,17.76553,6,
16,46.83077,17.7654,7,
16,46.83942,17.76309,8,
16,46.84366,17.76165,9,
16,46.84551,17.76077,10,
16,46.84626,17.76017,11,
16,46.846434,17.759144,12,
16,46.846434,17.759144,13,
16,46.8463,17.75811,14,
16,46.84578,17.75764,15,
16,46.84516,17.75712,16,
16,46.84442,17.75729,17,
16,46.84055,17.75815,18,
16,46.8306,17.76098,19,
16,46.81774,17.76575,20,
16,46.81576,17.76673,21,
16,46.81538,17.76775,22,
16,46.81498,17.76783,23,
16,46.81467,17.767513,24,
17,46.792448,17.69115,1,
17,46.79257,17.69083,2,
17,46.79321,17.69033,3,
17,46.79406,17.68848,4,
17,46.81483,17.68723,5,
17,46.82581,17.68361,6,
17,46.83039,17.68087,7,
17,46.8318,17.67932,8,
17,46.832506,17.676483,9,
17,46.832506,17.676483,10,
17,46.83098,17.67438,11,
17,46.82922,17.67438,12,
17,46.82423,17.6761,13,
17,46.81405,17.68132,14,
17,46.79408,17.68842,15,
17,46.79319,17.69027,16,
17,46.79255,17.69082,17,
17,46.792448,17.69115,18,
18,46.792448,17.69115,1,
18,46.79257,17.69083,2,
18,46.79321,17.69033,3,
18,46.79406,17.68848,4,
18,46.81483,17.68723,5,
18,46.82581,17.68361,6,
18,46.83039,17.68087,7,
18,46.8318,17.67932,8,
18,46.832506,17.676483,9,
18,46.832506,17.676483,10,
18,46.83098,17.67438,11,
18,46.82922,17.67438,12,
18,46.82423,17.6761,13,
18,46.81405,17.68132,14,
18,46.79408,17.68842,15,
18,46.79319,17.69027,16,
18,46.79255,17.69082,17,
18,46.792448,17.69115,18,
19,46.792705,17.690994,1,
19,46.79289,17.69054,2,
19,46.79322,17.69025,3,
19,46.79384,17.68899,4,
19,46.7949,17.68763,5,
19,46.79714,17.68448,6,
19,46.80128,17.67757,7,
19,46.80968,17.66396,8,
19,46.824901,17.635252,9,
19,46.824901,17.635252,10,
19,46.80873,17.66256,11,
19,46.8003,17.67659,12,
19,46.79629,17.68369,13,
19,46.79438,17.68728,14,
19,46.79378,17.68897,15,
19,46.7932,17.69022,16,
19,46.79288,17.69053,17,
19,46.792705,17.690994,18,
20,46.792705,17.690994,1,
20,46.79289,17.69054,2,
20,46.79322,17.69025,3,
20,46.79384,17.68899,4,
20,46.7949,17.68763,5,
20,46.79714,17.68448,6,
20,46.80128,17.67757,7,
20,46.80968,17.66396,8,
20,46.824901,17.635252,9,
20,46.824901,17.635252,10,
20,46.80873,17.66256,11,
20,46.8003,17.67659,12,
20,46.79629,17.68369,13,
20,46.79438,17.68728,14,
20,46.79378,17.68897,15,
20,46.7932,17.69022,16,
20,46.79288,17.69053,17,
20,46.792705,17.690994,18,
23,46.780882,17.648183,1,
23,46.78227,17.64624,2,
23,46.7824,17.63936,3,
23,46.78251,17.62597,4,
23,46.78284,17.60044,5,
23,46.7816,17.57301,6,
23,46.78016,17.56233,7,
23,46.77943,17.55804,8,
23,46.778304,17.555054,9,
23,46.778304,17.555054,10,
23,46.77833,17.55639,11,
23,46.7787,17.55836,12,
23,46.78012,17.57347,13,
23,46.7826,17.60042,14,
23,46.78234,17.62526,15,
23,46.78221,17.64466,16,
23,46.78221,17.64625,17,
23,46.780882,17.648183,18,
24,46.780882,17.648183,1,
24,46.78227,17.64624,2,
24,46.7824,17.63936,3,
24,46.78251,17.62597,4,
24,46.78284,17.60044,5,
24,46.7816,17.57301,6,
24,46.78016,17.56233,7,
24,46.77943,17.55804,8,
24,46.778304,17.555054,9,
24,46.778304,17.555054,10,
24,46.77833,17.55639,11,
24,46.7787,17.55836,12,
24,46.78012,17.57347,13,
24,46.7826,17.60042,14,
24,46.78234,17.62526,15,
24,46.78221,17.64466,16,
24,46.78221,17.64625,17,
24,46.780882,17.648183,18,
25,46.780507,17.648607,1,
25,46.78069,17.64805,2,
25,46.7815,17.64733,3,
25,46.78222,17.64624,4,
25,46.78248,17.64361,5,
25,46.78495,17.59941,6,
25,46.778304,17.555054,7,
25,46.778304,17.555054,8,
25,46.77803,17.55583,9,
25,46.77821,17.55838,10,
25,46.77937,17.57222,11,
25,46.78223,17.60175,12,
25,46.78211,17.62664,13,
25,46.78245,17.63964,14,
25,46.78226,17.64614,15,
25,46.78101,17.64787,16,
25,46.780507,17.648607,17,
26,46.750194,17.555387,1,
26,46.75018,17.55521,2,
26,46.75325,17.55288,3,
26,46.75415,17.55192,4,
26,46.75807,17.54704,5,
26,46.76174,17.54181,6,
26,46.76406,17.53782,7,
26,46.76562,17.53421,8,
26,46.76715,17.53043,9,
26,46.76841,17.52643,10,
26,46.77108,17.51763,11,
26,46.77312,17.5084,12,
26,46.77428,17.49927,13,
26,46.77462,17.49514,14,
26,46.77465,17.49278,15,
26,46.774097,17.491089,16,
26,46.774097,17.491089,17,
26,46.77323,17.49221,18,
26,46.77264,17.49431,19,
26,46.77208,17.49813,20,
26,46.77038,17.50716,21,
26,46.76538,17.5295,22,
26,46.76129,17.54083,23,
26,46.75782,17.54692,24,
26,46.75324,17.55283,25,
26,46.75018,17.55519,26,
26,46.750194,17.555387,27,
27,46.750194,17.555387,1,
27,46.75018,17.55521,2,
27,46.75325,17.55288,3,
27,46.75415,17.55192,4,
27,46.75807,17.54704,5,
27,46.76174,17.54181,6,
27,46.76406,17.53782,7,
27,46.76562,17.53421,8,
27,46.76715,17.53043,9,
27,46.76841,17.52643,10,
27,46.77108,17.51763,11,
27,46.77312,17.5084,12,
27,46.77428,17.49927,13,
27,46.77462,17.49514,14,
27,46.77465,17.49278,15,
27,46.774097,17.491089,16,
27,46.774097,17.491089,17,
27,46.77323,17.49221,18,
27,46.77264,17.49431,19,
27,46.77208,17.49813,20,
27,46.77038,17.50716,21,
27,46.76538,17.5295,22,
27,46.76129,17.54083,23,
27,46.75782,17.54692,24,
27,46.75324,17.55283,25,
27,46.75018,17.55519,26,
27,46.750194,17.555387,27,
28,46.70622,17.381575,1,
28,46.70964,17.38198,2,
28,46.70997,17.38225,3,
28,46.71022,17.38268,4,
28,46.71037,17.38285,5,
28,46.71051,17.38286,6,
28,46.7333,17.3888,7,
28,46.761809,17.395803,8,
28,46.761809,17.395803,9,
28,46.7333,17.3895,10,
28,46.71691,17.38491,11,
28,46.71061,17.38303,12,
28,46.71049,17.38299,13,
28,46.70998,17.38225,14,
28,46.70966,17.38201,15,
28,46.70622,17.381575,16,
29,46.70622,17.381575,1,
29,46.70964,17.38198,2,
29,46.70997,17.38225,3,
29,46.71022,17.38268,4,
29,46.71037,17.38285,5,
29,46.71051,17.38286,6,
29,46.7333,17.3888,7,
29,46.761809,17.395803,8,
29,46.761809,17.395803,9,
29,46.7333,17.3895,10,
29,46.71691,17.38491,11,
29,46.71061,17.38303,12,
29,46.71049,17.38299,13,
29,46.70998,17.38225,14,
29,46.70966,17.38201,15,
29,46.70622,17.381575,16,
30,46.70622,17.381575,1,
30,46.70964,17.38198,2,
30,46.70997,17.38225,3,
30,46.71022,17.38268,4,
30,46.71037,17.38285,5,
30,46.71051,17.38286,6,
30,46.7333,17.3888,7,
30,46.761809,17.395803,8,
30,46.761809,17.395803,9,
30,46.7333,17.3895,10,
30,46.71691,17.38491,11,
30,46.71061,17.38303,12,
30,46.71049,17.38299,13,
30,46.70998,17.38225,14,
30,46.70966,17.38201,15,
30,46.70622,17.381575,16,
32,46.757905,17.255978,1,
32,46.75145,17.27146,2,
32,46.74515,17.29386,3,
32,46.74233,17.31262,4,
32,46.73962,17.32828,5,
32,46.73948,17.3295,6,
32,46.73948,17.33051,7,
32,46.73972,17.33096,8,
32,46.73991,17.33124,9,
32,46.74019,17.33141,10,
32,46.740482,17.331444,11,
32,46.740482,17.331444,12,
32,46.74073,17.33105,13,
32,46.74089,17.33053,14,
32,46.7412,17.32856,15,
32,46.74197,17.32221,16,
32,46.74326,17.31279,17,
32,46.74563,17.29401,18,
32,46.75167,17.27178,19,
32,46.757905,17.255978,20,
33,46.757905,17.255978,1,
33,46.75145,17.27146,2,
33,46.74515,17.29386,3,
33,46.74233,17.31262,4,
33,46.73962,17.32828,5,
33,46.73948,17.3295,6,
33,46.73948,17.33051,7,
33,46.73972,17.33096,8,
33,46.73991,17.33124,9,
33,46.74019,17.33141,10,
33,46.740482,17.331444,11,
33,46.740482,17.331444,12,
33,46.74073,17.33105,13,
33,46.74089,17.33053,14,
33,46.7412,17.32856,15,
33,46.74197,17.32221,16,
33,46.74326,17.31279,17,
33,46.74563,17.29401,18,
33,46.75167,17.27178,19,
33,46.757905,17.255978,20,
34,46.757905,17.255978,1,
34,46.75145,17.27146,2,
34,46.74515,17.29386,3,
34,46.74233,17.31262,4,
34,46.73962,17.32828,5,
34,46.73948,17.3295,6,
34,46.73948,17.33051,7,
34,46.73972,17.33096,8,
34,46.73991,17.33124,9,
34,46.74019,17.33141,10,
34,46.740482,17.331444,11,
34,46.740482,17.331444,12,
34,46.74073,17.33105,13,
34,46.74089,17.33053,14,
34,46.7412,17.32856,15,
34,46.74197,17.32221,16,
34,46.74326,17.31279,17,
34,46.74563,17.29401,18,
34,46.75167,17.27178,19,
34,46.757905,17.255978,20,
35,46.750171,17.355737,1,
35,46.75002,17.35558,2,
35,46.74994,17.35558,3,
35,46.74988,17.35572,4,
35,46.7502,17.35699,5,
35,46.75534,17.36948,6,
35,46.76622,17.38875,7,
35,46.783269,17.422668,8,
35,46.783269,17.422668,9,
35,46.76529,17.39094,10,
35,46.75682,17.37352,11,
35,46.75317,17.36479,12,
35,46.75009,17.35704,13,
35,46.74984,17.3557,14,
35,46.74988,17.35548,15,
35,46.75,17.35549,16,
35,46.750171,17.355737,17,
36,46.78689,17.508899,1,
36,46.7861,17.5099,2,
36,46.78545,17.5105,3,
36,46.78414,17.51046,4,
36,46.78169,17.50728,5,
36,46.77887,17.50161,6,
36,46.77652,17.48522,7,
36,46.776811,17.444054,8,
36,46.776811,17.444054,9,
36,46.77729,17.44442,10,
36,46.77729,17.44549,11,
36,46.77732,17.44751,12,
36,46.77747,17.4853,13,
36,46.77932,17.50141,14,
36,46.78188,17.50684,15,
36,46.78429,17.51017,16,
36,46.78542,17.51027,17,
36,46.7861,17.50978,18,
36,46.78689,17.508899,19,
37,46.78689,17.508899,1,
37,46.7861,17.5099,2,
37,46.78545,17.5105,3,
37,46.78414,17.51046,4,
37,46.78169,17.50728,5,
37,46.77887,17.50161,6,
37,46.77652,17.48522,7,
37,46.776811,17.444054,8,
37,46.776811,17.444054,9,
37,46.77729,17.44442,10,
37,46.77729,17.44549,11,
37,46.77732,17.44751,12,
37,46.77747,17.4853,13,
37,46.77932,17.50141,14,
37,46.78188,17.50684,15,
37,46.78429,17.51017,16,
37,46.78542,17.51027,17,
37,46.7861,17.50978,18,
37,46.78689,17.508899,19,
38,46.78689,17.508899,1,
38,46.7861,17.5099,2,
38,46.78545,17.5105,3,
38,46.78414,17.51046,4,
38,46.78169,17.50728,5,
38,46.77887,17.50161,6,
38,46.77652,17.48522,7,
38,46.776811,17.444054,8,
38,46.776811,17.444054,9,
38,46.77729,17.44442,10,
38,46.77729,17.44549,11,
38,46.77732,17.44751,12,
38,46.77747,17.4853,13,
38,46.77932,17.50141,14,
38,46.78188,17.50684,15,
38,46.78429,17.51017,16,
38,46.78542,17.51027,17,
38,46.7861,17.50978,18,
38,46.78689,17.508899,19,
39,46.825206,17.62916,1,
39,46.81876,17.62238,2,
39,46.81474,17.59199,3,
39,46.81095,17.57891,4,
39,46.80886,17.57324,5,
39,46.806604,17.571684,6,
39,46.806604,17.571684,7,
39,46.80595,17.5723,8,
39,46.80557,17.57328,9,
39,46.80566,17.57453,10,
39,46.80578,17.5759,11,
39,46.81101,17.5932,12,
39,46.818,17.62285,13,
39,46.825206,17.62916,14,
40,46.825206,17.62916,1,
40,46.81876,17.62238,2,
40,46.81474,17.59199,3,
40,46.81095,17.57891,4,
40,46.80886,17.57324,5,
40,46.806604,17.571684,6,
40,46.806604,17.571684,7,
40,46.80595,17.5723,8,
40,46.80557,17.57328,9,
40,46.80566,17.57453,10,
40,46.80578,17.5759,11,
40,46.81101,17.5932,12,
40,46.818,17.62285,13,
40,46.825206,17.62916,14,
41,46.917497,17.893693,1,
41,46.9166,17.89484,2,
41,46.91639,17.89574,3,
41,46.91685,17.89628,4,
41,46.9253,17.89594,5,
41,46.947913,17.892913,6,
41,46.947913,17.892913,7,
41,46.93193,17.89457,8,
41,46.92419,17.89554,9,
41,46.91684,17.89621,10,
41,46.91645,17.8958,11,
41,46.91662,17.89471,12,
41,46.917497,17.893693,13,
44,46.952021,17.894434,1,
44,46.95129,17.89465,2,
44,46.95035,17.89395,3,
44,46.94947,17.893,4,
44,46.94529,17.88858,5,
44,46.94072,17.88601,6,
44,46.93612,17.88485,7,
44,46.9316,17.88575,8,
44,46.92706,17.8888,9,
44,46.92225,17.89253,10,
44,46.91931,17.89446,11,
44,46.91812,17.89527,12,
44,46.91753,17.8957,13,
44,46.91728,17.8959,14,
44,46.91718,17.89603,15,
44,46.917166,17.89621,16,
44,46.917166,17.89621,17,
44,46.9173,17.89618,18,
44,46.91752,17.89608,19,
44,46.92487,17.89092,20,
44,46.93178,17.88642,21,
44,46.936,17.8856,22,
44,46.94084,17.8865,23,
44,46.94509,17.88921,24,
44,46.95109,17.89478,25,
44,46.952021,17.894434,26,
45,46.952021,17.894434,1,
45,46.95129,17.89465,2,
45,46.95035,17.89395,3,
45,46.94947,17.893,4,
45,46.94529,17.88858,5,
45,46.94072,17.88601,6,
45,46.93612,17.88485,7,
45,46.9316,17.88575,8,
45,46.92706,17.8888,9,
45,46.92225,17.89253,10,
45,46.91931,17.89446,11,
45,46.91812,17.89527,12,
45,46.91753,17.8957,13,
45,46.91728,17.8959,14,
45,46.91718,17.89603,15,
45,46.917166,17.89621,16,
45,46.917166,17.89621,17,
45,46.9173,17.89618,18,
45,46.91752,17.89608,19,
45,46.92487,17.89092,20,
45,46.93178,17.88642,21,
45,46.936,17.8856,22,
45,46.94084,17.8865,23,
45,46.94509,17.88921,24,
45,46.95109,17.89478,25,
45,46.952021,17.894434,26,
46,46.952021,17.894434,1,
46,46.95129,17.89465,2,
46,46.95035,17.89395,3,
46,46.94947,17.893,4,
46,46.94529,17.88858,5,
46,46.94072,17.88601,6,
46,46.93612,17.88485,7,
46,46.9316,17.88575,8,
46,46.92706,17.8888,9,
46,46.92225,17.89253,10,
46,46.91931,17.89446,11,
46,46.91812,17.89527,12,
46,46.91753,17.8957,13,
46,46.91728,17.8959,14,
46,46.91718,17.89603,15,
46,46.917166,17.89621,16,
46,46.917166,17.89621,17,
46,46.9173,17.89618,18,
46,46.91752,17.89608,19,
46,46.92487,17.89092,20,
46,46.93178,17.88642,21,
46,46.936,17.8856,22,
46,46.94084,17.8865,23,
46,46.94509,17.88921,24,
46,46.95109,17.89478,25,
46,46.952021,17.894434,26,
50,46.983051,17.979698,1,
50,46.98235,17.98114,2,
50,46.98121,17.98161,3,
50,46.97784,17.97852,4,
50,46.97266,17.96822,5,
50,46.9668,17.95582,6,
50,46.96373,17.9496,7,
50,46.962,17.94655,8,
50,46.96129,17.94531,9,
50,46.96112,17.94436,10,
50,46.9612,17.94341,11,
50,46.9612,17.94341,12,
50,46.96203,17.94415,13,
50,46.96238,17.94531,14,
50,46.97122,17.9638,15,
50,46.97626,17.9744,16,
50,46.97822,17.97809,17,
50,46.98127,17.98118,18,
50,46.9822,17.98097,19,
50,46.983051,17.979698,20,
51,46.983051,17.979698,1,
51,46.98235,17.98114,2,
51,46.98121,17.98161,3,
51,46.97784,17.97852,4,
51,46.97266,17.96822,5,
51,46.9668,17.95582,6,
51,46.96373,17.9496,7,
51,46.962,17.94655,8,
51,46.96129,17.94531,9,
51,46.96112,17.94436,10,
51,46.9612,17.94341,11,
51,46.9612,17.94341,12,
51,46.96203,17.94415,13,
51,46.96238,17.94531,14,
51,46.97122,17.9638,15,
51,46.97626,17.9744,16,
51,46.97822,17.97809,17,
51,46.98127,17.98118,18,
51,46.9822,17.98097,19,
51,46.983051,17.979698,20,
52,47.02658,18.02124,1,
52,47.02632,18.0211,2,
52,47.02534,18.02075,3,
52,47.02386,18.02015,4,
52,47.02011,18.01903,5,
52,47.01309,18.01702,6,
52,46.999689,18.012446,7,
52,46.999689,18.012446,8,
52,47.00003,18.0131,9,
52,47.00077,18.01351,10,
52,47.00231,18.01403,11,
52,47.00646,18.01534,12,
52,47.01308,18.01748,13,
52,47.02658,18.02124,14,
53,47.02658,18.02124,1,
53,47.02632,18.0211,2,
53,47.02534,18.02075,3,
53,47.02386,18.02015,4,
53,47.02011,18.01903,5,
53,47.01309,18.01702,6,
53,46.999689,18.012446,7,
53,46.999689,18.012446,8,
53,47.00003,18.0131,9,
53,47.00077,18.01351,10,
53,47.00231,18.01403,11,
53,47.00646,18.01534,12,
53,47.01308,18.01748,13,
53,47.02658,18.02124,14,
54,47.02658,18.02124,1,
54,47.02632,18.0211,2,
54,47.02534,18.02075,3,
54,47.02386,18.02015,4,
54,47.02011,18.01903,5,
54,47.01309,18.01702,6,
54,46.999689,18.012446,7,
54,46.999689,18.012446,8,
54,47.00003,18.0131,9,
54,47.00077,18.01351,10,
54,47.00231,18.01403,11,
54,47.00646,18.01534,12,
54,47.01308,18.01748,13,
54,47.02658,18.02124,14,
55,46.908834,18.04617,1,
55,46.90892,18.04573,2,
55,46.91115,18.04425,3,
55,46.91247,18.04295,4,
55,46.91318,18.04195,5,
55,46.91647,18.04184,6,
55,46.92065,18.04109,7,
55,46.93768,18.03809,8,
55,46.95263,18.03522,9,
55,46.96015,18.03386,10,
55,46.96392,18.03315,11,
55,46.96761,18.03244,12,
55,46.99714,18.02701,13,
55,47.01192,18.02422,14,
55,47.01935,18.02289,15,
55,47.02309,18.02218,16,
55,47.02563,18.02171,17,
55,47.02634,18.02165,18,
55,47.026602,18.021412,19,
56,47.026602,18.021412,1,
56,46.96678,18.03268,2,
56,46.93508,18.03852,3,
56,46.91644,18.04178,4,
56,46.91328,18.04178,5,
56,46.91246,18.04294,6,
56,46.9111,18.04429,7,
56,46.90892,18.04565,8,
56,46.908834,18.04617,9,
57,46.908834,18.04617,1,
57,46.909,18.04584,2,
57,46.9093,18.0456,3,
57,46.90996,18.0451,4,
57,46.91116,18.04425,5,
57,46.91259,18.04288,6,
57,46.91562,18.03848,7,
57,46.91822,18.03255,8,
57,46.92486,18.0115,9,
57,46.93344,17.97428,10,
57,46.951812,17.894916,11,
58,46.951812,17.894916,1,
58,46.93316,17.9746,2,
58,46.92458,18.01112,3,
58,46.91789,18.03228,4,
58,46.91529,18.0382,5,
58,46.91256,18.04282,6,
58,46.91113,18.04419,7,
58,46.90987,18.04511,8,
58,46.90898,18.04578,9,
58,46.908834,18.04617,10,
59,46.908834,18.04617,1,
59,46.909,18.04584,2,
59,46.9093,18.0456,3,
59,46.90996,18.0451,4,
59,46.91116,18.04425,5,
59,46.91259,18.04288,6,
59,46.91562,18.03848,7,
59,46.91822,18.03255,8,
59,46.92486,18.0115,9,
59,46.93344,17.97428,10,
59,46.951812,17.894916,11,
59,46.951812,17.894916,12,
59,46.9253,17.89666,13,
59,46.9168,17.89622,14,
59,46.91644,17.8957,15,
59,46.91659,17.89492,16,
59,46.917597,17.894344,17,
60,46.908834,18.04617,1,
60,46.909,18.04584,2,
60,46.9093,18.0456,3,
60,46.90996,18.0451,4,
60,46.91116,18.04425,5,
60,46.91259,18.04288,6,
60,46.91562,18.03848,7,
60,46.91822,18.03255,8,
60,46.92486,18.0115,9,
60,46.93344,17.97428,10,
60,46.951812,17.894916,11,
61,46.917597,17.894344,1,
61,46.91662,17.89496,2,
61,46.91646,17.89569,3,
61,46.91685,17.89627,4,
61,46.92051,17.8963,5,
61,46.92536,17.89645,6,
61,46.93466,17.89583,7,
61,46.951812,17.894916,8,
61,46.951812,17.894916,9,
61,46.93316,17.9746,10,
61,46.92458,18.01112,11,
61,46.91789,18.03228,12,
61,46.91529,18.0382,13,
61,46.91256,18.04282,14,
61,46.91113,18.04419,15,
61,46.90987,18.04511,16,
61,46.90898,18.04578,17,
61,46.908834,18.04617,18,
62,46.951812,17.894916,1,
62,46.93316,17.9746,2,
62,46.92458,18.01112,3,
62,46.91789,18.03228,4,
62,46.91529,18.0382,5,
62,46.91256,18.04282,6,
62,46.91113,18.04419,7,
62,46.90987,18.04511,8,
62,46.90898,18.04578,9,
62,46.908834,18.04617,10,
65,46.786713,17.509414,1,
65,46.78574,17.51133,2,
65,46.78474,17.51277,3,
65,46.78258,17.51589,4,
65,46.77836,17.52232,5,
65,46.77515,17.52717,6,
65,46.76963,17.53404,7,
65,46.76584,17.53904,8,
65,46.76098,17.54494,9,
65,46.75573,17.5504,10,
65,46.75328,17.55291,11,
65,46.75034,17.55527,12,
68,46.786846,17.509511,1,
68,46.78431,17.57887,2,
68,46.78301,17.61384,3,
68,46.78275,17.63183,4,
68,46.78275,17.64006,5,
68,46.78251,17.64393,6,
68,46.78221,17.64631,7,
68,46.781077,17.647968,8,
68,46.781077,17.647968,9,
68,46.78224,17.64636,10,
68,46.78229,17.64524,11,
68,46.78274,17.64464,12,
68,46.78318,17.6449,13,
68,46.78681,17.65181,14,
68,46.79022,17.66893,15,
68,46.79282,17.68054,16,
68,46.79357,17.68586,17,
68,46.79367,17.68816,18,
68,46.79349,17.68955,19,
68,46.79321,17.69035,20,
68,46.79291,17.69062,21,
68,46.792705,17.690994,22,
69,46.951812,17.894916,1,
69,46.94262,17.9299,2,
69,46.932064,17.964063,3,
69,46.932064,17.964063,4,
69,46.94102,17.92866,5,
69,46.951812,17.894916,6,
70,46.780882,17.648183,1,
70,46.78231,17.64615,2,
70,46.78243,17.6449,3,
70,46.78296,17.6444,4,
70,46.78428,17.64438,5,
70,46.7916,17.64168,6,
70,46.80382,17.63713,7,
70,46.825206,17.62916,8,
70,46.825206,17.62916,9,
70,46.81876,17.62238,10,
70,46.81474,17.59199,11,
70,46.81095,17.57891,12,
70,46.80886,17.57324,13,
70,46.806604,17.571684,14,
70,46.806604,17.571684,15,
70,46.80595,17.5723,16,
70,46.80557,17.57328,17,
70,46.80566,17.57453,18,
70,46.80578,17.5759,19,
70,46.81101,17.5932,20,
70,46.818,17.62285,21,
70,46.825206,17.62916,22,
70,46.825206,17.62916,23,
70,46.80306,17.63727,24,
70,46.78719,17.64311,25,
70,46.78424,17.64427,26,
70,46.78294,17.64437,27,
70,46.78243,17.6449,28,
70,46.78231,17.64627,29,
70,46.780882,17.648183,30,
71,46.75034,17.55527,1,
71,46.75327,17.55293,2,
71,46.75568,17.55044,3,
71,46.76095,17.54499,4,
71,46.76589,17.53894,5,
71,46.77085,17.53251,6,
71,46.7752,17.52718,7,
71,46.77917,17.52118,8,
71,46.78305,17.5153,9,
71,46.78578,17.51148,10,
71,46.786713,17.509414,11,
71,46.786713,17.509414,12,
71,46.78429,17.51201,13,
71,46.79393,17.54007,14,
71,46.802491,17.569238,15,
71,46.802491,17.569238,16,
71,46.79329,17.5397,17,
71,46.7878,17.5247,18,
71,46.78471,17.51236,19,
71,46.786713,17.509414,20,
71,46.786713,17.509414,21,
71,46.78574,17.51133,22,
71,46.78474,17.51277,23,
71,46.78258,17.51589,24,
71,46.77836,17.52232,25,
71,46.77515,17.52717,26,
71,46.76963,17.53404,27,
71,46.76584,17.53904,28,
71,46.76098,17.54494,29,
71,46.75573,17.5504,30,
71,46.75328,17.55291,31,
71,46.75034,17.55527,32,
72,46.787073,17.509071,1,
72,46.78687,17.51021,2,
72,46.78651,17.51052,3,
72,46.78488,17.50984,4,
72,46.78065,17.50229,5,
72,46.77953,17.48774,6,
72,46.78132,17.46594,7,
72,46.78216,17.45501,8,
72,46.78296,17.44643,9,
72,46.783757,17.444634,10,
72,46.783757,17.444634,11,
72,46.7835,17.44498,12,
72,46.78299,17.44511,13,
72,46.78249,17.44478,14,
72,46.78201,17.44352,15,
72,46.78117,17.44115,16,
72,46.77851,17.4344,17,
72,46.7743,17.42358,18,
72,46.76558,17.40126,19,
72,46.75712,17.37914,20,
72,46.7531,17.36884,21,
72,46.75158,17.36231,22,
72,46.75079,17.35905,23,
72,46.75045,17.35738,24,
72,46.75025,17.35654,25,
72,46.75008,17.35615,26,
72,46.74999,17.35587,27,
72,46.75002,17.35569,28,
72,46.750171,17.355737,29,
72,46.750171,17.355737,30,
72,46.72842,17.37055,31,
72,46.71746,17.37798,32,
72,46.7107,17.38283,33,
72,46.71048,17.3829,34,
72,46.7103,17.38275,35,
72,46.70999,17.38228,36,
72,46.70966,17.38203,37,
72,46.70915,17.3819,38,
72,46.70859,17.38184,39,
72,46.70622,17.381575,40,
73,46.750171,17.355737,1,
73,46.72842,17.37055,2,
73,46.71746,17.37798,3,
73,46.7107,17.38283,4,
73,46.71048,17.3829,5,
73,46.7103,17.38275,6,
73,46.70999,17.38228,7,
73,46.70966,17.38203,8,
73,46.70915,17.3819,9,
73,46.70859,17.38184,10,
73,46.70622,17.381575,11,
75,46.786713,17.509414,1,
75,46.78574,17.51133,2,
75,46.78474,17.51277,3,
75,46.78258,17.51589,4,
75,46.77836,17.52232,5,
75,46.77515,17.52717,6,
75,46.76963,17.53404,7,
75,46.76584,17.53904,8,
75,46.76098,17.54494,9,
75,46.75573,17.5504,10,
75,46.75328,17.55291,11,
75,46.75034,17.55527,12,
76,46.792705,17.690994,1,
76,46.7929,17.69062,2,
76,46.79323,17.69033,3,
76,46.79353,17.68952,4,
76,46.79373,17.68817,5,
76,46.79358,17.68561,6,
76,46.7924,17.67831,7,
76,46.78986,17.66712,8,
76,46.78683,17.65189,9,
76,46.78319,17.64506,10,
76,46.78272,17.64471,11,
76,46.78228,17.64514,12,
76,46.78222,17.64636,13,
76,46.78192,17.64678,14,
76,46.781077,17.647968,15,
77,46.781077,17.647968,1,
77,46.78224,17.64636,2,
77,46.78229,17.64524,3,
77,46.78274,17.64464,4,
77,46.78318,17.6449,5,
77,46.78681,17.65181,6,
77,46.79022,17.66893,7,
77,46.79282,17.68054,8,
77,46.79357,17.68586,9,
77,46.79367,17.68816,10,
77,46.79349,17.68955,11,
77,46.79321,17.69035,12,
77,46.79291,17.69062,13,
77,46.792705,17.690994,14,
86,46.792448,17.69115,1,
86,46.79323,17.69029,2,
86,46.79375,17.68928,3,
86,46.7942,17.68943,4,
86,46.80553,17.72801,5,
86,46.81569,17.76562,6,
86,46.81578,17.76708,7,
86,46.81534,17.76794,8,
86,46.81467,17.767513,9,
88,47.026602,18.021412,1,
88,47.02642,18.02155,2,
88,47.02621,18.02157,3,
88,47.02566,18.02146,4,
88,47.02362,18.0208,5,
88,47.01369,18.01818,6,
88,47.00075,18.01441,7,
88,46.9899,17.99967,8,
88,46.98635,17.99486,9,
88,46.98341,17.98742,10,
88,46.98268,17.98293,11,
88,46.98284,17.98078,12,
88,46.983051,17.979698,13,
93,46.757905,17.255978,1,
93,46.74588,17.29207,2,
93,46.74082,17.32846,3,
93,46.74317,17.35335,4,
93,46.75317,17.38751,5,
93,46.78401,17.51046,6,
93,46.78597,17.51025,7,
93,46.787084,17.507613,8,
94,46.787084,17.507613,1,
94,46.78618,17.51024,2,
94,46.78399,17.51127,3,
94,46.78036,17.50099,4,
94,46.76426,17.43147,5,
94,46.74319,17.35364,6,
94,46.74096,17.3324,7,
94,46.74566,17.29326,8,
94,46.757905,17.255978,9,
99,46.787073,17.509071,1,
99,46.78687,17.51021,2,
99,46.78651,17.51052,3,
99,46.78488,17.50984,4,
99,46.78065,17.50229,5,
99,46.77953,17.48774,6,
99,46.78132,17.46594,7,
99,46.78216,17.45501,8,
99,46.78296,17.44643,9,
99,46.783757,17.444634,10,
99,46.783757,17.444634,11,
99,46.7835,17.44498,12,
99,46.78299,17.44511,13,
99,46.78249,17.44478,14,
99,46.78201,17.44352,15,
99,46.78117,17.44115,16,
99,46.77851,17.4344,17,
99,46.7743,17.42358,18,
99,46.76558,17.40126,19,
99,46.75712,17.37914,20,
99,46.7531,17.36884,21,
99,46.75158,17.36231,22,
99,46.75079,17.35905,23,
99,46.75045,17.35738,24,
99,46.75025,17.35654,25,
99,46.75008,17.35615,26,
99,46.74999,17.35587,27,
99,46.75002,17.35569,28,
99,46.750171,17.355737,29,
100,46.750171,17.355737,1,
100,46.72842,17.37055,2,
100,46.71746,17.37798,3,
100,46.7107,17.38283,4,
100,46.71048,17.3829,5,
100,46.7103,17.38275,6,
100,46.70999,17.38228,7,
100,46.70966,17.38203,8,
100,46.70915,17.3819,9,
100,46.70859,17.38184,10,
100,46.70622,17.381575,11,
202,46.855806,17.880541,1,
202,46.86197,17.87947,2,
202,46.88834,17.892666,3,
202,46.88834,17.892666,4,
202,46.89768,17.90393,5,
202,46.917491,17.894521,6,
202,46.917491,17.894521,7,
202,46.91632,17.89567,8,
202,46.91642,17.89687,9,
202,46.91715,17.89728,10,
202,46.93736,17.89378,11,
202,46.95301,17.89825,12,
202,46.952248,17.894697,13,
203,46.952248,17.894697,1,
203,46.9527,17.89688,2,
203,46.93686,17.89672,3,
203,46.91636,17.89732,4,
203,46.9163,17.89543,5,
203,46.917491,17.894521,6,
203,46.917491,17.894521,7,
203,46.91603,17.89575,8,
203,46.89818,17.90407,9,
203,46.88834,17.892666,10,
203,46.88834,17.892666,11,
203,46.85906,17.87994,12,
203,46.855806,17.880541,13,
204,46.917491,17.894521,1,
204,46.91632,17.89567,2,
204,46.91642,17.89687,3,
204,46.91715,17.89728,4,
204,46.93736,17.89378,5,
204,46.95301,17.89825,6,
204,46.952248,17.894697,7,
205,46.952248,17.894697,1,
205,46.9527,17.89688,2,
205,46.93686,17.89672,3,
205,46.91636,17.89732,4,
205,46.9163,17.89543,5,
205,46.917491,17.894521,6,
207,46.908834,18.04617,1,
207,46.91265,18.04286,2,
207,46.91295,18.04176,3,
207,46.91574,17.89557,4,
207,46.917491,17.894521,5,
207,46.917491,17.894521,6,
207,46.89826,17.9046,7,
207,46.88641,17.89061,8,
207,46.86121,17.87936,9,
207,46.855806,17.880541,10,
208,46.855806,17.880541,1,
208,46.86192,17.87907,2,
208,46.8848,17.8911,3,
208,46.88702,17.89464,4,
208,46.89826,17.90393,5,
208,46.917491,17.894521,6,
208,46.917491,17.894521,7,
208,46.91616,17.89556,8,
208,46.91389,18.04038,9,
208,46.91326,18.0416,10,
208,46.91268,18.04282,11,
208,46.908834,18.04617,12,
209,46.951812,17.894916,1,
209,46.91623,17.89599,2,
209,46.917491,17.894521,3,
209,46.917491,17.894521,4,
209,46.91616,17.89556,5,
209,46.91389,18.04038,6,
209,46.91326,18.0416,7,
209,46.91268,18.04282,8,
209,46.908834,18.04617,9,
210,46.908834,18.04617,1,
210,46.91265,18.04286,2,
210,46.91295,18.04176,3,
210,46.91574,17.89557,4,
210,46.917491,17.894521,5,
210,46.917491,17.894521,6,
210,46.91632,17.89567,7,
210,46.91642,17.89687,8,
210,46.91715,17.89728,9,
210,46.93736,17.89378,10,
210,46.95301,17.89825,11,
210,46.952248,17.894697,12,
212,46.908834,18.04617,1,
212,46.91265,18.04286,2,
212,46.91295,18.04176,3,
212,46.91574,17.89557,4,
212,46.917491,17.894521,5,
213,46.917491,17.894521,1,
213,46.91616,17.89556,2,
213,46.91389,18.04038,3,
213,46.91326,18.0416,4,
213,46.91268,18.04282,5,
213,46.908834,18.04617,6,
214,46.908834,18.04617,1,
214,46.91265,18.04286,2,
214,46.91295,18.04176,3,
214,46.91574,17.89557,4,
214,46.917491,17.894521,5,
216,46.757993,17.256498,1,
216,46.74173,17.33242,2,
216,46.74359,17.34813,3,
216,46.750171,17.355737,4,
216,46.750171,17.355737,5,
216,46.72842,17.37055,6,
216,46.71746,17.37798,7,
216,46.7107,17.38283,8,
216,46.71048,17.3829,9,
216,46.7103,17.38275,10,
216,46.70999,17.38228,11,
216,46.70966,17.38203,12,
216,46.70915,17.3819,13,
216,46.70859,17.38184,14,
216,46.70622,17.381575,15,
217,46.70622,17.381575,1,
217,46.70869,17.38184,2,
217,46.70934,17.38192,3,
217,46.70965,17.382,4,
217,46.70996,17.38225,5,
217,46.71027,17.38273,6,
217,46.71042,17.38286,7,
217,46.71059,17.38281,8,
217,46.71098,17.38248,9,
217,46.71499,17.37975,10,
217,46.7185,17.37732,11,
217,46.7292,17.37005,12,
217,46.750171,17.355737,13,
217,46.750171,17.355737,14,
217,46.74352,17.34825,15,
217,46.74178,17.33186,16,
217,46.74322,17.32345,17,
217,46.757993,17.256498,18,
218,46.780507,17.648607,1,
218,46.78065,17.64822,2,
218,46.78227,17.64625,3,
218,46.7823,17.64517,4,
218,46.78278,17.64462,5,
218,46.78319,17.64477,6,
218,46.787,17.65136,7,
218,46.79064,17.66887,8,
218,46.79277,17.67936,9,
218,46.79384,17.68559,10,
218,46.79383,17.68808,11,
218,46.79354,17.68956,12,
218,46.7932,17.69031,13,
218,46.79286,17.69063,14,
218,46.792705,17.690994,15,
218,46.792705,17.690994,16,
218,46.79286,17.69059,17,
218,46.79323,17.69031,18,
218,46.79351,17.68959,19,
218,46.7939,17.68933,20,
218,46.79428,17.68976,21,
218,46.79512,17.69285,22,
218,46.79683,17.69862,23,
218,46.7996,17.70872,24,
218,46.80525,17.72859,25,
218,46.81061,17.74795,26,
218,46.81349,17.7579,27,
218,46.81554,17.76557,28,
218,46.81553,17.76713,29,
218,46.81539,17.76775,30,
218,46.81494,17.76784,31,
218,46.81467,17.767513,32,
218,46.81467,17.767513,33,
218,46.81524,17.7678,34,
218,46.816,17.76686,35,
218,46.8269,17.77368,36,
218,46.84196,17.81179,37,
218,46.86118,17.87848,38,
218,46.856013,17.880358,39,
220,46.856013,17.880358,1,
220,46.86076,17.87853,2,
220,46.84037,17.81053,3,
220,46.82707,17.77365,4,
220,46.81611,17.76674,5,
220,46.81538,17.76794,6,
220,46.81467,17.767513,7,
220,46.81467,17.767513,8,
220,46.81493,17.76786,9,
220,46.81541,17.76786,10,
220,46.81557,17.76733,11,
220,46.81568,17.76553,12,
220,46.81348,17.75737,13,
220,46.81065,17.74759,14,
220,46.80506,17.7277,15,
220,46.79427,17.68966,16,
220,46.7939,17.68931,17,
220,46.79349,17.68958,18,
220,46.79325,17.69028,19,
220,46.79289,17.69056,20,
220,46.792705,17.690994,21,
220,46.792705,17.690994,22,
220,46.79279,17.69066,23,
220,46.79328,17.69019,24,
220,46.7935,17.68937,25,
220,46.79281,17.68156,26,
220,46.78949,17.66445,27,
220,46.78685,17.65147,28,
220,46.78317,17.64477,29,
220,46.78272,17.64477,30,
220,46.78232,17.64525,31,
220,46.78228,17.64622,32,
220,46.78063,17.64819,33,
220,46.780507,17.648607,34,
221,47.026602,18.021412,1,
221,47.02642,18.02155,2,
221,47.02621,18.02157,3,
221,47.02566,18.02146,4,
221,47.02362,18.0208,5,
221,47.01369,18.01818,6,
221,47.00075,18.01441,7,
221,46.9899,17.99967,8,
221,46.98635,17.99486,9,
221,46.98341,17.98742,10,
221,46.98268,17.98293,11,
221,46.98284,17.98078,12,
221,46.983051,17.979698,13,
221,46.983051,17.979698,14,
221,46.98145,17.98059,15,
221,46.97628,17.9729,16,
221,46.95929,17.94591,17,
221,46.9343,17.9114,18,
221,46.91657,17.89642,19,
221,46.917497,17.893693,20,
221,46.917497,17.893693,21,
221,46.91675,17.89577,22,
221,46.94593,17.89774,23,
221,46.952248,17.894697,24,
221,46.952248,17.894697,25,
221,46.95257,17.89685,26,
221,46.9352,17.89487,27,
221,46.91615,17.89642,28,
221,46.917497,17.893693,29,
222,46.917497,17.893693,1,
222,46.91675,17.89577,2,
222,46.94593,17.89774,3,
222,46.952248,17.894697,4,
222,46.952248,17.894697,5,
222,46.95257,17.89685,6,
222,46.9352,17.89487,7,
222,46.91615,17.89642,8,
222,46.917497,17.893693,9,
222,46.917497,17.893693,10,
222,46.9165,17.89609,11,
222,46.92284,17.90154,12,
222,46.93416,17.91175,13,
222,46.95036,17.93437,14,
222,46.98171,17.9814,15,
222,46.983051,17.979698,16,
222,46.983051,17.979698,17,
222,46.98287,17.98081,18,
222,46.98277,17.98289,19,
222,46.9835,17.98757,20,
222,46.98657,17.99486,21,
222,47.00083,18.01443,22,
222,47.01376,18.01811,23,
222,47.02025,18.01981,24,
222,47.02568,18.02142,25,
222,47.02621,18.02155,26,
222,47.02642,18.02155,27,
222,47.026602,18.021412,28,
224,46.908834,18.04617,1,
224,46.909,18.04584,2,
224,46.9093,18.0456,3,
224,46.90996,18.0451,4,
224,46.91116,18.04425,5,
224,46.91259,18.04288,6,
224,46.91562,18.03848,7,
224,46.91822,18.03255,8,
224,46.92486,18.0115,9,
224,46.93344,17.97428,10,
224,46.951812,17.894916,11,
225,46.951812,17.894916,1,
225,46.93316,17.9746,2,
225,46.92458,18.01112,3,
225,46.91789,18.03228,4,
225,46.91529,18.0382,5,
225,46.91256,18.04282,6,
225,46.91113,18.04419,7,
225,46.90987,18.04511,8,
225,46.90898,18.04578,9,
225,46.908834,18.04617,10,
226,46.908834,18.04617,1,
226,46.91265,18.04286,2,
226,46.91295,18.04176,3,
226,46.91574,17.89557,4,
226,46.917491,17.894521,5,
227,46.917491,17.894521,1,
227,46.91616,17.89556,2,
227,46.91389,18.04038,3,
227,46.91326,18.0416,4,
227,46.91268,18.04282,5,
227,46.908834,18.04617,6,
228,46.855806,17.880541,1,
228,46.86158,17.87885,2,
228,46.88279,17.88769,3,
228,46.88725,17.89542,4,
228,46.8987,17.90452,5,
228,46.92508,17.89924,6,
228,46.951812,17.894916,7,
229,46.855878,17.880478,1,
229,46.85624,17.88065,2,
229,46.8572,17.88007,3,
229,46.85763,17.88013,4,
229,46.85832,17.88029,5,
229,46.85948,17.87997,6,
229,46.88894,17.87031,7,
229,46.88894,17.87031,8,
229,46.88859,17.87003,9,
229,46.88814,17.87012,10,
229,46.88676,17.87057,11,
229,46.88188,17.87201,12,
229,46.87258,17.875,13,
229,46.86413,17.87776,14,
229,46.85837,17.88015,15,
229,46.85722,17.88005,16,
229,46.85619,17.88063,17,
229,46.855878,17.880478,18,
230,46.780882,17.648183,1,
230,46.78213,17.64616,2,
230,46.78257,17.64457,3,
230,46.78515,17.59706,4,
230,46.787073,17.509071,5,
231,46.787073,17.509071,1,
231,46.78427,17.58927,2,
231,46.7823,17.64438,3,
231,46.78216,17.64631,4,
231,46.780882,17.648183,5,
232,46.951812,17.894916,1,
232,46.91623,17.89599,2,
232,46.917491,17.894521,3,
232,46.917491,17.894521,4,
232,46.91616,17.89556,5,
232,46.91389,18.04038,6,
232,46.91326,18.0416,7,
232,46.91268,18.04282,8,
232,46.908834,18.04617,9,
233,46.917491,17.894521,1,
233,46.91603,17.89575,2,
233,46.89818,17.90407,3,
233,46.88834,17.892666,4,
233,46.88834,17.892666,5,
233,46.85906,17.87994,6,
233,46.855806,17.880541,7,
234,46.855806,17.880541,1,
234,46.86197,17.87947,2,
234,46.88834,17.892666,3,
234,46.88834,17.892666,4,
234,46.89768,17.90393,5,
234,46.917491,17.894521,6,
235,46.757993,17.256498,1,
235,46.74173,17.33242,2,
235,46.74359,17.34813,3,
235,46.750171,17.355737,4,
235,46.750171,17.355737,5,
235,46.75002,17.35558,6,
235,46.74994,17.35558,7,
235,46.74988,17.35572,8,
235,46.7502,17.35699,9,
235,46.75534,17.36948,10,
235,46.76622,17.38875,11,
235,46.783269,17.422668,12,
235,46.783269,17.422668,13,
235,46.76529,17.39094,14,
235,46.75682,17.37352,15,
235,46.75317,17.36479,16,
235,46.75009,17.35704,17,
235,46.74984,17.3557,18,
235,46.74988,17.35548,19,
235,46.75,17.35549,20,
235,46.750171,17.355737,21,
235,46.750171,17.355737,22,
235,46.74352,17.34825,23,
235,46.74178,17.33186,24,
235,46.74322,17.32345,25,
235,46.757993,17.256498,26,
236,46.908834,18.04617,1,
236,46.91265,18.04286,2,
236,46.91295,18.04176,3,
236,46.91574,17.89557,4,
236,46.917491,17.894521,5,
236,46.917491,17.894521,6,
236,46.91632,17.89567,7,
236,46.91642,17.89687,8,
236,46.91715,17.89728,9,
236,46.93736,17.89378,10,
236,46.95301,17.89825,11,
236,46.952248,17.894697,12,
237,46.787073,17.509071,1,
237,46.78687,17.51021,2,
237,46.78651,17.51052,3,
237,46.78488,17.50984,4,
237,46.78065,17.50229,5,
237,46.77953,17.48774,6,
237,46.78132,17.46594,7,
237,46.78216,17.45501,8,
237,46.78296,17.44643,9,
237,46.783757,17.444634,10,
238,46.783757,17.444634,1,
238,46.78296,17.44643,2,
238,46.78216,17.45501,3,
238,46.78132,17.46594,4,
238,46.77953,17.48774,5,
238,46.78065,17.50229,6,
238,46.78488,17.50984,7,
238,46.78651,17.51052,8,
238,46.78687,17.51021,9,
238,46.787073,17.509071,10,
